sample_id	iIFNy_dct	cIFNy_dct	iIL1B_dct	cIL1B_dct	iIL10_dct	cIL10_dct	iIL6_dct	cIL6_dct	iCXCLi1_dct	cCXCLi1_dct	iIL17A_dct	cIL17A_dct	iIL17F_dct	cIL17F_dct	cCXCLi2_dct	iCXCLi2_dct
e_gos_cmp_08_2	0.003132736	0.002967238	0.000534907	0.00034773	0.000609586	0.000144104	0.000159208	0.000212041	0.010453995	0.038883664	0.931036737	0.473881525	0.00631908	0.004634758	0.038615802	0.003921596
e_gos_cmp_08_1	0.005991295	0.102151718	0.000464093	0.06338155	0.000767926	0.000295369	0.001906435	0.000349229	0.000395018	0.027721447	3.546840711	1.104122427	0.00905585	0.008266422	0.035840181	0.000776969
e_gos_cmp_08_3	0.002590237	0.000239708	0.000548662	7.57E-05	0.00055579	0.000248853	0.000249311	1.65E-05	0.006856362	0.045266596	1.185191693	0.122508994	0.004658181	0.001093532	0.03352208	0.007950113
e_gos_cmp_08_4	0.003536618	0.00053329	0.002702495	0.000236083	0.000549367	0.000114475	0.000318745	0.000292365	0.00132957	0.02654175	1.325062794	0.721702036	0.003267196	0.00271846	0.019347545	0.00116194
e_gos_cmp_08_7	0.000847794	0.000176889	0.000165112	0.000110086	0.00021222	0.000162125	0.000320623	1.75E-05	0.000378625	0.009360646	0.88227881	0.548085347	0.004869626	0.001596557	0.009053199	0.001133232
e_gos_cmp_08_6	0.003453576	0.003063986	0.000192568	0.001081015	0.000967034	0.000844947	0.000867289	0.000195882	0.005595308	0.039397554	1.093587001	2.693415753	0.007219252	0.014794339	0.143615512	0.001750127
e_gos_cmp_08_5	0.000483331	0.001391099	0.000175334	0.001899026	0.000135568	0.000680854	0.000371551	0.000662063	0.00115955	0.041305887	1.214329786	0.767505652	0.004932671	0.004639317	0.074092306	0.000566563
e_ctl_cmp_08_3	0.011685824	0.00206943	0.000250373	0.00179803	0.00463663	0.005649715	0.001398954	0.000122531	0.003152432	0.04828052	0.00311603	19.42173256	0.005961787	0.01705218	0.083987393	0.001672612
e_ctl_cmp_08_1	0.001893869	0.003392387	0.000101146	0.003487112	0.000475289	0.00225403	0.000645895	4.28E-05	0.006911263	0.063103935	0.004935318	0.009381927	0.005677446	0.030120719	0.102833122	0.000427874
e_ctl_cmp_08_7	0.001306037	0.013633509	0.0005443	0.004366735	0.000253629	0.004312255	0.000480781	0.008619344	0.002164709	0.482520419	0.002403027	3.716127497	0.367944869	0.015533212	0.227670536	0.001317747
e_ctl_cmp_08_5	0.008943596	0.016205703	0.000179673	0.001592508	0.001596967	0.002705098	0.000290167	0.000651429	0.003333596	0.758811827	0.015994564	0.121463942	0.014980939	0.017995749	0.183337028	0.043935318
e_ctl_cmp_08_6	0.000897919	0.004180895	0.000101986	0.00167116	0.000869854	0.015192221	0.000331936	0.000197732	0.001089365	0.11317282	0.000311985	0.015855201	0.000495519	0.005134715	0.045691514	0.000979613
e_ctl_cmp_08_4	0.004422899	0.00721537	0.000875101	0.017561945	0.01031729	0.238579305	0.002447733	0.000434742	0.001859141	0.128992781	0.000443442	0.037778258	0.000493595	1.26E-07	0.018185571	0.002116782
e_ctl_cmp_08_2	0.000963107	0.144642912	0.000336492	0.008185011	0.000797474	0.011564303	0.000233017	0.001013175	0.003402472	0.256889345	0.000398063	0.000350499	0.000295411	0.001313835	0.112129931	0.00404232
e_gos_cmp_15_7	0.003376747	0.001245853	0.001565512	0.00267249	0.000367217	0.001408222	0.287071099	0.001848563	0.000462083	0.06431103	0.435883458	0.312601568	0.00198281	0.007241822	0.091951059	0.001946314
e_gos_cmp_15_1	0.021001119	0.012057712	0.273932055	0.000611369	0.002355942	0.000175068	0.001246648	0.001996972	0.001373307	0.033874184	0.399907732	1.144153105	0.003674368	0.003675905	0.068347387	0.006530277
e_gos_cmp_15_3	0.021864437	0.003888771	0.00121345	0.002284921	0.000157584	0.001260341	0.00552975	0.001215807	0.006651383	0.026483911	0.329559392	0.529043655	8.60E-05	0.005164769	0.072520868	0.00129354
e_ctl_cmp_15_4	0.008167006	0.000758125	0.004955692	0.011290586	0.003479496	0.000210037	0.009844949	0.002724653	0.005549591	0.011321972	0.200787817	0.014808074	0.002443079	0.050270764	0.028370254	0.016432608
e_gos_cmp_15_6	0.019969887	0.015881379	3.636221289	0.00832635	0.000602981	9.23E-05	0.00160069	0.000208231	0.005487558	0.021570748	0.206835092	0.19706858	0.001395199	0.001262366	0.019010233	0.003541018
e_gos_cmp_15_2	6.10E-05	0.000691238	1.41E-05	0.000245851	7.86E-05	0.000165096	2.90E-05	0.000109375	9.18E-06	0.007684728	0.491766406	0.265631551	0.002459471	0.001854194	0.005280938	3.77E-05
e_gos_cmp_15_4	0.00983404	0.001411016	0.001437781	0.000768301	0.00013239	0.000105468	0.002664277	0.000223509	0.000211482	0.003921959	0.466015085	0.452323134	0.004981991	0.001811835	0.001950717	0.000792001
e_ctl_cmp_15_6	0.011374031	0.000334205	0.00135928	0.004053456	0.00164319	0.002185794	0.003389245	6.55E-05	0.000547508	0.012098207	0.00019312	0.160809475	0.000182724	0.39364395	0.088386743	0.006093133
e_ctl_cmp_15_7	0.042202341	0.000326277	0.084482402	0.00058732	0.003331118	0.000115504	0.003110411	0.000121452	0.009201417	0.019861125	0.331921213	0.00338319	0.002288537	0.003995012	0.038785947	0.004349975
e_ctl_cmp_15_2	0.044487714	0.000276494	0.031138565	0.068240958	0.003577192	0.001063922	0.012337963	0.009532953	0.003582219	0.033515638	0.138934336	0.021699089	0.00669399	0.002803422	0.014995567	0.007301798
e_ctl_cmp_15_1	0.006071141	0.000974386	0.0047497	0.013292596	0.000207011	0.054866462	0.001791622	0.002860101	0.003194789	0.015772879	0.184147876	0.028791734	0.003256102	0.020926245	0.011852097	0.094492075
e_ctl_cmp_15_5	0.003295593	0.002474315	0.000873363	0.000969477	0.005307912	0.029676768	0.001608511	0.828071587	0.000194997	0.006979204	0.129668693	0.019999876	0.00134703	0.027897596	0.048093877	1.738291713
e_ctl_cmp_15_3	0.008190871	0.025439195	0.004018523	0.002936742	0.000540072	0.005436128	0.005187531	0.55521458	0.000485988	0.057216406	0.141860866	0.066861764	0.001978999	0.120947192	0.093535509	0.00186181
e_gos_cmp_15_5	0.045796463	0.000985197	0.003919322	0.000783538	0.000156474	0.000484945	0.006256277	0.000549448	0.002588425	0.005277535	3.419774507	0.207961154	0.036332926	0.002477472	0.005129735	0.002026379
e_gos_cmp_22_5	0.010041908	0.003678718	0.004422026	0.002014733	0.003344662	0.004159821	0.054091512	0.001906999	0.004882608	0.005755194	0.230453043	1.397332446	0.001719862	0.009711362	0.019184253	0.004104996
e_gos_cmp_22_1	0.004650746	0.053193279	0.000221684	0.00259529	0.000462351	0.001952429	0.00093304	0.009650004	0.000619301	0.00212277	0.225501873	0.306386531	0.002887093	0.002427395	0.001647359	0.00083675
e_gos_cmp_22_3	0.005138052	0.000660691	0.189417521	0.000756208	0.000681598	0.000157717	0.218266587	0.00070518	0.013016296	0.004476136	0.184288569	0.295862118	0.002244026	0.00189227	0.005613306	0.006380265
e_gos_cmp_22_7	0.218110689	0.051922341	0.211946561	0.856021045	0.000683531	0.000670681	0.351184231	0.628041466	0.000739344	0.066570564	0.113119283	2.621293904	0.002029916	0.009250612	0.136262436	0.001316291
e_gos_cmp_22_6	0.165214103	0.038695949	0.574470335	0.368978377	0.000511468	0.001105799	2.575302118	0.169711667	0.004851475	0.098159456	0.146711545	0.942542103	0.00143664	0.003652265	0.136322632	0.001799067
e_gos_cmp_22_2	0.270191855	0.068416562	0.567091945	0.171916385	0.001300147	0.000796791	2.833690041	0.407416524	0.000349274	0.016920734	0.145915288	0.375067427	0.002022115	0.001599397	0.025248175	0.001061115
e_gos_cmp_22_4	0.05980967	0.009845068	0.415220958	0.050651451	8.43E-05	0.000236354	0.217094342	0.079420269	0.015390437	0.005799651	0.516769848	0.513664281	0.003921295	0.002196938	0.008605819	0.002309766
e_ctl_cmp_22_2	0.053193279	0.000442148	0.00259529	0.00062977	0.001952429	0.019815705	0.009650004	0.000219822	0.00212277	0.006039915	1.037461314	0.043111005	0.010834503	0.007159626	0.004168034	0.001647359
e_ctl_cmp_22_6	0.007625516	0.020108107	0.032722003	0.008940941	0.028647185	0.001017389	0.003064165	0.001291894	0.123553369	0.089617193	0.455436007	0.006271386	0.004610491	0.00426541	0.199675056	0.330314256
e_ctl_cmp_22_7	0.004570385	0.011869006	0.001950607	0.006364331	0.000794251	0.000784912	0.001161092	0.000684228	0.042306284	0.072048063	0.419798149	0.004877981	0.003452833	0.001733976	0.196011665	0.045889423
e_ctl_cmp_22_1	0.00134601	0.002874316	0.002250209	0.001722653	0.438723485	0.001580951	1.548800206	0.062134348	0.003835062	0.032605171	0.629070673	0.084494427	0.007173143	0.118240813	0.050388925	0.003852983
e_ctl_cmp_22_4	0.004835133	0.008686154	0.003247296	0.004230256	0.004271593	0.00031399	0.080748732	932.3630353	0.005186537	0.065564338	0.542561303	0.97596411	0.002164127	0.002959974	0.126375874	0.00310762
e_ctl_cmp_22_3	0.021967338	0.012968087	0.010646776	0.00362512	0.001046013	0.00079767	0.089277463	0.00392531	0.044689635	0.114571915	0.829061839	0.028119212	0.004954064	0.002001365	0.133733991	0.060910235
e_ctl_cmp_22_5	0.103085941	0.003678718	0.308680692	0.002014733	0.153798828	0.004159821	0.292347569	0.001906999	0.626734488	0.005755194	1.150814154	0.057711394	0.008258332	0.011027121	0.019184253	1.392514365
e_gos_cmp_28_1	0.003624514	4.44E-05	0.030879539	0.000135619	0.009047435	8.11E-05	0.003663905	0.000212655	0.003171519	0.007634801	0.482828606	0.492634561	0.003496996	0.000777448	0.002772632	0.01361283
e_gos_cmp_28_5	0.002227219	0.003296195	0.000148507	0.00063083	0.00019938	0.033000996	9.34E-05	0.00269935	0.015152744	0.226127605	0.44734351	0.583621218	0.004093585	0.002017182	0.03271162	0.003014584
e_gos_cmp_28_6	0.002503995	0.00229538	0.000126968	0.00072616	5.32E-05	0.001054813	6.44E-05	0.000747523	0.005350445	2.81860902	0.169390274	0.565259469	0.001839605	0.004377071	0.153363891	0.007897119
e_gos_cmp_28_7	0.000955784	0.001456635	0.318994225	0.000460115	1.878347694	0.000136645	0.00496663	0.000613591	0.002335408	0.230536223	0.844348804	0.482226009	0.001925482	0.001411378	0.025680487	5.59176391
e_gos_cmp_28_2	0.011332442	0.000577176	0.004460696	0.000425554	0.316765961	0.039705912	0.002666575	0.000201467	0.000251365	0.005738448	0.212430502	0.361886228	0.001081818	0.001463725	0.014784809	0.033778222
e_ctl_cmp_28_3	0.00162802	0.000326541	0.000269097	0.000169854	9.92E-05	0.000139041	0.000261733	0.000393316	0.001472027	0.005994031	0.698291424	0.000221087	0.005637064	0.000325061	0.005556551	0.004065391
e_ctl_cmp_28_7	0.001185885	0.000616339	0.000461086	0.00019293	0.000160942	0.002891471	0.000104731	0.000108804	0.00076837	0.00455887	3.061631331	0.112173205	0.038935024	0.008318274	0.004005084	0.001576414
e_ctl_cmp_28_2	0.001044699	0.002476004	0.000164833	0.002049121	3.04E-05	0.000316299	0.001268046	0.002502272	0.018853215	0.166822949	9.346863725	0.002170586	0.072739825	0.001886594	0.118248634	0.001286716
e_ctl_cmp_28_5	0.000748285	0.000378658	0.000128067	0.00050869	6.75E-05	0.001433136	0.000174742	0.00021549	0.000831766	0.270488053	34.3921168	0.024965853	0.070139261	0.008504252	0.019590218	0.001313816
e_ctl_cmp_28_4	0.004469804	5.53E-05	0.000689251	0.000109325	0.002890572	0.00288748	0.001526805	0.001120054	0.002894836	0.004165703	10.44024259	0.028861698	0.057014603	0.000501452	0.008721848	0.00851198
e_gos_cmp_28_4	0.006424249	0.002940665	0.001176516	0.000344195	0.000314043	0.001737491	0.000746592	0.000621832	0.078447646	0.032595784	0.136006935	0.608040674	0.003581657	0.002813595	0.024278181	0.002074841
e_ctl_cmp_28_6	0.133817322	0.000513909	0.100871888	0.000200145	0.191743612	0.000131701	0.134347923	7.30E-05	0.025547692	0.003394792	1.649601821	0.003304849	0.018575523	0.004422568	0.0142884	0.006053247
e_ctl_cmp_28_1	0.204998739	0.000474177	0.303311884	0.001034829	9.961779307	0.000327371	0.080713644	0.000130131	0.273879419	0.012346417	0.655243767	0.585199321	0.010794739	0.000987453	0.011812144	0.086088143
e_gos_cmp_28_3	0.0021377	0.005022462	0.00064411	0.000400917	0.000764184	0.000149273	0.000164657	0.001368808	0.001840902	0.076024736	0.302629925	0.703207226	0.00152023	0.001789971	0.184343949	0.000527454
e_gos_cmp_35_3	0.004884563	0.037890442	0.005931362	0.005006662	0.003198606	0.002468229	0.054664444	0.525300808	0.001814409	0.024885679	0.44942779	1.08754109	0.003187102	0.004257709	0.023290278	0.005211088
e_gos_cmp_35_8	0.002060929	0.001146598	0.006647663	0.000549972	0.005438582	0.000277203	0.037450093	0.000117376	0.010453991	0.004341153	0.54848127	2.197166195	0.003185951	0.007584597	0.002080601	0.006988559
e_gos_cmp_35_1	0.00792579	0.009433858	0.006720277	7.71E-07	0.002091468	0.009198759	0.060182066	0.037752801	0.00448262	0.0216644	0.373308807	2.678718853	0.002255695	0.003279118	0.060457105	0.012997602
e_gos_cmp_35_7	0.019794401	0.025691963	0.028743416	0.008722195	0.021524322	7.09E-07	0.143397587	0.00147442	0.008646695	0.012888379	3.039965477	4.583538908	0.014921606	0.001742829	0.091197587	0.032083441
e_gos_cmp_35_6	0.002417521	0.014142369	0.010675656	0.00460696	0.0069664	0.001332593	0.044158066	0.000319207	0.003144393	0.03503008	0.536422713	16.38455835	0.005377	0.020180383	0.060505987	0.009462092
e_ctl_cmp_35_4	0.003665206	0.09501278	0.002274924	0.020018843	0.001165833	0.235180052	0.003454351	0.03049222	0.042921957	0.045211228	19.44677962	1.198724396	0.000316212	0.015964376	0.191067617	0.009707649
e_ctl_cmp_35_1	0.001032501	0.093604116	0.000217589	0.172452218	0.000505048	0.03530926	0.000132424	0.016801069	0.018800349	8.138813333	62.91695827	0.010346596	0.032015924	0.004533685	0.409821074	0.004923558
e_gos_cmp_35_4	0.002763978	0.007126513	0.000125954	0.016713621	7.78E-05	0.003453932	5.81E-05	0.158085139	0.00037347	0.037462304	0.709671832	4.885363225	0.003804732	0.011820868	0.02473659	0.000247275
e_ctl_cmp_35_2	0.002309621	0.001912079	0.058174274	0.002077751	0.0007836	0.000487285	0.001925593	0.004276183	0.009063675	0.012495794	39.61671521	0.004975992	0.10819883	0.003809454	0.010784292	0.003142498
e_ctl_cmp_35_3	0.001569236	9.82E-05	0.000623516	0.000756598	0.004429074	0.000198192	0.000128658	0.00020718	0.00257548	0.007761248	30.71082748	0.016225424	0.025134644	0.0023746	0.002532502	0.00106527
e_ctl_cmp_35_7	0.005704591	0.000203108	0.005025008	0.000153445	0.000209381	6.58E-05	0.005429802	0.000167211	0.000785888	0.01125945	18.85250896	0.000834327	0.037382367	0.00083885	0.001850116	0.0015501
e_ctl_cmp_35_5	0.003345889	0.004922655	0.001815371	0.012312129	0.062095648	0.000537942	0.009033678	0.001819695	0.000223391	0.05103227	42.41070499	0.013412296	0.009390875	0.006674613	0.107156611	0.00165301
e_gos_cmp_35_2	0.006406636	0.101917179	0.026473657	0.063323819	0.018414984	0.067361486	0.208000507	0.005722605	0.01009257	0.015500428	3.876737819	0.980194584	0.01473769	0.004942898	0.050443727	0.027334538
e_ctl_cmp_35_6	0.003288447	0.045187092	0.000563297	0.036147312	0.00011093	0.007398802	0.000285284	0.006872318	0.000807599	0.117301011	0.43440187	0.029985316	0.000932525	0.039456314	0.050758205	0.001214774
e_gos_cmp_35_5	0.00999785	2.43323692	0.021401253	0.290291743	0.013202284	0.078043379	0.136474106	0.158030076	0.006309667	0.110386908	2.07019166	1.591524504	0.011253144	0.005593788	1.83454305	0.017261053
l_ctl_cmp_22_4	0.002381535	0.014179987	0.004807748	0.022250784	0.001751456	0.012603777	0.020303737	0.002438146	0.003046698	0.059128603	0.791267255	0.011592488	0.002527276	0.001222207	0.04972103	0.00301829
l_ctl_cmp_22_5	0.002126622	0.033031814	0.004127023	0.057511728	0.001828826	0.01074642	0.017802099	0.00792441	0.005593039	0.010096506	0.668280716	0.728564982	0.002859165	0.014838686	0.125869444	0.004960528
l_ctl_cmp_22_1	0.003997828	0.004876291	0.007858647	0.020905118	0.001244357	0.007976657	0.017517836	0.122427537	0.00816166	0.026278013	0.823145545	0.032229882	0.009254425	0.010344023	0.03742121	0.011797389
l_ctl_cmp_22_6	0.029690397	0.014377932	0.017590999	0.010821168	0.00545099	0.017824433	0.067943146	0.004491044	0.008101283	0.007598867	2.050308768	0.353986592	0.006159263	0.003840185	0.06886907	0.01223101
l_ctl_cmp_22_2	0.008709227	0.092782723	0.018619943	0.846745312	0.005390111	0.032352029	0.055398639	1.337927555	0.031658386	0.021344379	1.761178528	0.009286691	0.006547216	0.00243209	0.108067154	0.021368183
l_ctl_cmp_22_7	0.00892781	0.234880687	0.012410379	0.216134308	0.003839673	0.028955877	0.047494515	0.04972103	0.003869391	0.063372467	2.95310315	0.018177548	0.011453347	0.003204914	1.414213562	0.006982185
l_ctl_cmp_22_3	0.005879519	0.562529242	0.012079341	0.392292049	0.003163161	0.013984767	0.047269809	0.002762136	0.007175103	0.392292049	2.991685603	0.065689319	0.008884208	0.00767256	0.234880687	0.00886153
l_gos_cmp_22_4	0.001363551	0.051474439	0.001831604	0.123279088	0.00047784	0.024180703	0.012995453	0.020905118	0.00095787	0.001480192	0.8315549	145.7764164	0.037811641	0.029401087	0.041521432	0.002589254
l_gos_cmp_22_1	0.007993015	0.023035457	0.00651357	0.081899588	0.002377538	0.021642335	0.015981594	0.02335702	0.101412454	0.002919627	1.945488119	0.123984586	0.00860097	1.418379982	0.078020659	0.011290353
l_gos_cmp_22_3	0.001063623	0.057911754	0.003158105	0.558643569	0.00063222	0.036906021	0.01423261	0.006215129	0.002359225	0.007238969	1.33002661	0.131086616	0.005781981	0.022589963	0.193445624	0.003652315
l_gos_cmp_22_5	0.010886989	0.085377516	0.018390655	0.085377516	0.006569636	0.02335702	0.255047678	0.004304317	0.008139862	0.005839255	3.162323039	0.163486749	0.018253973	0.004041781	0.205897754	0.015172194
l_gos_cmp_22_6	0.001451389	0.012516717	0.008026905	0.041810236	0.001638902	0.027393929	0.03213001	0.008088007	0.002006522	0.001797242	0.637929106	0.172921309	0.008389146	0.198669847	0.223756268	0.003057316
l_gos_cmp_22_2	0.012432749	4.25748073	0.016165481	0.702222438	0.004520383	0.064704058	0.095702851	0.005839255	0.071614783	0.005601388	0.886184734	0.120996736	0.014091251	0.510455613	0.895025071	0.018693514
l_gos_cmp_22_7	0.002239861	0.127626516	0.013813383	2.639015822	0.003790267	0.038473263	0.081866089	0.00158643	0.00955648	0.005410584	1.304920621	0.666534797	0.005101269	0.009696323	0.287174589	0.008105945
l_ctl_cmp_28_4	0.002814646	11.79415374	0.008655939	0.5	0.003030067	0.012174447	0.113287029	0.009355302	0.00877781	0.029769937	0.833493758	10.45725694	0.006802732	4.826660489	0.210224104	0.008571023
l_ctl_cmp_28_1	0.007526769	0.823591017	0.0056839	0.093428078	0.004339999	0.012603777	0.094872738	0.048862399	0.00513073	0.002559362	0.6406964	1.667503512	0.00882044	0.012143562	0.152830035	0.0093635
l_ctl_cmp_28_5	0.027628396	0.38958229	0.013632289	0.175555609	0.004902842	0.014782151	0.072812065	0.008431471	0.00792441	0.002093308	0.728564982	0.914116971	0.014838686	1.062645742	0.118257206	0.016045745
l_ctl_cmp_28_6	0.012762364	5.502167273	0.006263963	0.054033577	0.002550417	0.01067219	0.047307255	0.005262631	0.004491044	0.003773189	0.353986592	0.678456263	0.003840185	0.809091488	0.094077922	0.007704406
l_ctl_cmp_28_2	0.003212035	4.9588308	0.003738192	0.131214585	0.001547129	0.026096497	0.025546396	0.003472042	0.002774906	0.002919627	0.385973627	3.776634245	0.002693386	3.549684741	0.234880687	0.003493202
l_ctl_cmp_28_3	0.001292495	0.423372656	0.007146867	0.113439894	0.003397038	0.031906629	0.048862399	0.029832244	0.017031563	0.005083367	1.667503512	0.912194129	0.012143562	0.007146188	0.111105335	0.018340436
l_ctl_cmp_28_7	0.010633564	0.678302164	0.00820651	0.083620472	0.002247496	0.017457612	0.029832244	0.001025114	0.004673341	0.003172861	0.912194129	0.325719887	0.007146188	0.686586559	0.226879789	0.011318941
l_gos_cmp_28_4	0.003660538	0.001631031	0.01351327	0.005299236	0.003107709	0.004775939	0.061220386	0.001324809	0.013380054	0.052921582	1.36613703	3.192144544	0.007359361	0.003117125	0.033725882	0.012833709
l_gos_cmp_28_1	0.002858944	0.114228931	0.01022561	0.173138684	0.004666862	0.460093825	0.047126287	0.001419895	0.005661356	0.044194174	1.473914124	6.922889641	0.008263348	0.012222695	0.043284671	0.009077622
l_gos_cmp_28_5	0.008679378	0.024180703	0.005121892	0.017098339	0.004148482	0.030606884	0.152736185	0.001619765	0.004789486	0.109575715	2.598233806	4.027124264	0.013563568	0.006691515	0.115023456	0.012055607
l_gos_cmp_28_2	0.008372007	0.091505356	0.008624059	0.024013675	0.004471065	0.200267469	0.158977288	0.003330605	0.005265659	0.021196943	2.812105831	2.251696994	0.009733317	0.004153771	0.019103754	0.014111698
l_gos_cmp_28_3	0.010048219	0.105843164	0.007935542	0.00567958	0.003634488	0.012603777	0.220834354	0.0238478	0.007746948	0.098755164	2.234251031	3.862433141	0.007561289	0.005394035	0.184283652	0.006757806
l_gos_cmp_28_6	0.004292412	0.03125	0.009537941	0.007704943	0.000705427	0.02005353	0.011242249	0.003400588	0.011474144	0.040949794	1.010246253	5.866675723	0.004343147	0.006564556	0.03794359	0.058023341
l_gos_cmp_28_7	0.001485416	0.029769937	0.003004661	0.016980232	0.000905217	0.056328154	0.003366039	0.002008035	0.009406864	0.510506063	0.482627738	21.01773458	0.003464609	0.015042386	0.183010712	0.111360542
l_ctl_cmp_35_4	0.001227552	0.001724029	0.002919627	0.00364466	3.29E-05	0.022876339	0.087899376	0.002800694	0.000357443	0.002800694	0.013500725	0.020267695	0.016781211	0.000871248	0.059128603	0.014082038
l_ctl_cmp_35_1	0.003150944	0.293208737	0.013139006	0.486327474	0.028359974	0.23981603	0.654302465	0.003721242	0.001352646	0.058314562	0.021822542	0.38748413	0.479618888	0.04943533	0.133971683	0.07588718
l_ctl_cmp_35_5	0.032352029	0.006220004	0.009888723	0.005661203	0.016473434	0.001603571	0.113090377	0.001324809	0.013290186	0.010598471	0.446412627	0.567846064	0.013894855	0.003684143	0.040949794	0.014884969
l_ctl_cmp_35_6	0.199097054	0.002137292	0.101344656	0.006754197	0.087906676	0.013888167	0.59688492	0.001039424	0.079727719	0.073302184	1	0.059455085	0.059366953	0.001363772	0.02664484	0.194147575
l_ctl_cmp_35_2	0.001676886	0.02664484	0.003284752	0.159320078	0.156041319	0.080214119	0.083200974	0.000195574	0.036706572	0.026460791	0.023250493	0.151487339	0.056812801	0.00641354	0.059539875	0.005786708
l_ctl_cmp_35_3	0.015739998	0.004944362	0.01506818	0.01332242	0.020990645	0.020333466	0.139580427	0.002404579	0.007465118	0.069830446	1	0.073127713	0.007945559	0.002114367	0.025737219	0.013191344
l_ctl_cmp_35_7	0.026238399	0.012174447	0.027577254	0.061213769	0.030128081	0.011517728	0.496754661	0.007442484	0.020639839	0.080772052	1	0.02693197	0.024543959	0.002373342	0.406126198	0.031478245
l_gos_cmp_35_4	0.000791751	0.000815516	0.0685807	0.001873563	0.000310739	0.00401607	0.017547315	0.000232578	0.022800742	0.00728932	0.393461143	0.085213312	0.002090032	0.001794253	0.002078848	0.043520657
l_gos_cmp_35_1	0.00059755	0.06886907	0.001073678	0.024180703	0.000179842	0.019640834	0.004635457	0.000240779	0.005523983	0.002724109	0.242137538	0.101402144	0.009245188	0.00526712	0.056328154	0.000901354
l_gos_cmp_35_2	0.003034302	0.01175974	0.018900724	0.014782151	0.000855693	0.005562696	0.006920964	0.001288582	0.006690395	0.079660039	0.788045284	12.16991866	0.003383663	0.011088824	0.028164077	0.017747142
l_gos_cmp_35_5	0.003314695	0.003619485	0.011446843	0.008257953	0.000931378	0.010380358	0.009740493	0.009485898	0.010701001	0.052556026	1.87654758	2.64669564	0.08930661	0.00471029	0.061213769	0.029721284
l_gos_cmp_35_6	0.002828833	0.000471649	0.004113752	0.00401607	0.00061191	0.056328154	0.015738684	3.20E-05	0.006989247	0.004710187	1.78418173	0.980800487	0.006782975	0.004655885	0.006003419	0.008791841
l_gos_cmp_35_7	0.003644568	0.00401607	0.005052523	0.007921558	0.001078212	0.015953314	0.031801472	5.54E-05	0.002764426	0.010308656	23.75859372	0.945170286	0.008971359	0.010735716	0.003594483	0.005692429
l_gos_cmp_35_3	0.001930209	0.017824433	0.005039374	0.0119239	0.001266995	0.007238969	0.018624652	0.000328914	0.010342432	0.010096506	3.489951119	0.631041154	0.007346491	0.008277794	0.002668047	0.007515429
e_ctl_moc_08_6	0.061645656	0.000176395	0.009598803	0.001146004	NA	4.803215608	NA	0.049433728	0.13209047	0.019790865	0.007023639	0.907016059	0.007165165	0.030883927	0.23018993	0.441146239
e_ctl_moc_08_1	0.001482207	0.004987196	0.000345523	0.056020604	0.001568983	2.239160046	0.000194214	0.065934248	0.01213918	0.419751437	0.00360843	0.055168937	0.005333393	0.008611021	0.544257274	0.001187188
e_ctl_moc_08_5	0.00673876	0.000392083	0.000584455	0.0000891	0.039676273	0.023006235	0.000789932	0.000440364	0.001500766	0.007628215	0.00734284	0.003952552	0.002120188	0.004522386	0.003256604	0.001141835
e_ctl_moc_08_3	0.013887927	0.004776088	0.001924885	0.018036274	0.011449521	NA	0.001470106	9.28822448	0.015219316	0.483710406	0.009432982	0.124904729	0.015337386	0.022824072	0.591165655	0.021553226
e_ctl_moc_08_4	0.003298827	0.000321277	0.002131769	0.000165483	0.021741629	0.000536551	0.001339492	0.00021037	0.005993396	0.009197938	0.062177828	0.023620773	0.007910152	0.002401747	0.008943382	0.000856106
e_ctl_moc_08_2	0.137075332	0.003189635	0.006870123	0.00736869	0.016791579	1.642123269	0.000824166	0.023755753	0.004509083	0.348963314	0.003090112	0.046346365	0.00908922	0.009889409	0.237164281	0.003541774
e_ctl_moc_08_7	0.002137304	0.001481621	0.005644043	0.000306358	0.013492248	0.137192122	0.001279149	0.0000782	0.003677849	0.007522538	0.004876381	0.19951927	0.006830712	0.30834129	0.003786507	0.002756499
e_gos_moc_08_4	0.005974748	0.001091775	0.001897651	0.000895203	0.000640504	0.000408944	0.00157236	0.000483737	0.008105122	0.052224008	1.388886667	1.00527623	0.007215199	0.003675923	0.115905022	0.007154268
e_gos_moc_08_1	0.0030465	0.000336329	0.000442012	0.000980898	0.000506174	0.000544219	0.000560225	0.000366664	0.001758944	0.030806533	0.377435064	0.374622896	0.003756719	0.001654628	0.033169714	0.002034924
e_gos_moc_08_3	0.004609135	0.001312869	0.003456575	0.002427427	0.000623487	0.000944343	0.001610156	0.00050517	0.021939465	0.024556503	0.386314534	0.882465076	0.003201198	0.0067444	0.034073016	0.175941822
e_gos_moc_08_5	0.001362934	0.0000489	0.00447906	0.000252145	0.000239116	0.000672643	0.003229018	0.000123066	0.009729212	0.059081511	0.917115531	0.911528096	0.013081838	0.003163991	0.106320434	0.015402607
e_gos_moc_08_6	0.025849657	0.002681371	0.002594892	0.001628811	0.000660279	0.000160782	0.270053221	0.0004749	0.007525882	0.053501371	0.418096862	0.590865226	0.004550304	0.002846062	0.101749935	0.015395192
e_gos_moc_08_7	0.014178468	0.000836894	0.000621114	0.00164114	0.000179219	0.000270476	0.015302404	0.000449458	0.00379663	0.037264529	0.903725408	1.311777659	0.00464061	0.005849282	0.078937083	0.011030373
e_gos_moc_08_2	0.001732695	0.000263333	0.000656356	0.001249742	0.0000673	0.00053269	0.000152771	0.000405554	0.003047732	0.075918342	0.618526791	1.079161616	0.00727652	0.004179699	0.18978934	0.003360558
