sample_id	rpt	bird_group_ID	villus_length	crypt_depth	villus_width	total_infiltration_villus	heterophil_inf_villus
l_ctl_cmp_22_6	1	G1_10	537.776642	81.921145	NA	NA	NA
l_ctl_cmp_22_6	2	G1_10	456.523803	67.54062	NA	NA	NA
l_ctl_cmp_22_6	3	G1_10	566.478727	79.450629	NA	NA	NA
l_ctl_cmp_22_2	1	G1_11	671.21494	75.588061	NA	NA	NA
l_ctl_cmp_22_2	2	G1_11	658.350354	99.945489	NA	NA	NA
l_ctl_cmp_22_2	3	G1_11	695.711363	68.571408	NA	NA	NA
l_ctl_cmp_22_7	1	G1_12	449.41913	73.867563	NA	NA	NA
l_ctl_cmp_22_7	2	G1_12	646.583616	58.894739	NA	NA	NA
l_ctl_cmp_22_7	3	G1_12	580.928399	70.256818	NA	NA	NA
l_ctl_cmp_22_3	1	G1_13	635.813425	60.791408	NA	NA	NA
l_ctl_cmp_22_3	2	G1_13	770.747005	105.380706	NA	NA	NA
l_ctl_cmp_22_3	3	G1_13	822.651845	75.427367	NA	NA	NA
l_ctl_cmp_28_4	1	G1_17	763.391275	72.394299	NA	NA	NA
l_ctl_cmp_28_4	2	G1_17	692.496486	75.219985	NA	NA	NA
l_ctl_cmp_28_4	3	G1_17	759.606837	126.368536	NA	NA	NA
l_ctl_cmp_28_1	1	G1_18	621.143309	72.009305	NA	NA	NA
l_ctl_cmp_28_1	2	G1_18	619.799216	121.053819	NA	NA	NA
l_ctl_cmp_28_1	3	G1_18	689.957639	89.315646	NA	NA	NA
l_ctl_cmp_28_5	1	G1_19	919.436267	120.03012	NA	NA	NA
l_ctl_cmp_28_5	2	G1_19	1163.030497	99.960958	NA	NA	NA
l_ctl_cmp_28_5	3	G1_19	964.591818	99.939977	NA	NA	NA
l_ctl_cmp_28_6	1	G1_20	805.516583	81.600894	NA	NA	NA
l_ctl_cmp_28_6	2	G1_20	857.917745	83.389781	NA	NA	NA
l_ctl_cmp_28_6	3	G1_20	710.964237	74.934341	NA	NA	NA
l_ctl_cmp_28_2	1	G1_21	723.41084	83.165824	NA	NA	NA
l_ctl_cmp_28_2	2	G1_21	661.186046	99.107988	NA	NA	NA
l_ctl_cmp_28_2	3	G1_21	655.122788	122.016167	NA	NA	NA
l_ctl_cmp_28_3	1	G1_22	545.525382	37.63863	NA	NA	NA
l_ctl_cmp_28_3	2	G1_22	621.243348	52.390859	NA	NA	NA
l_ctl_cmp_28_3	3	G1_22	628.694675	64.394004	NA	NA	NA
l_ctl_cmp_28_7	1	G1_23	686.069165	87.007281	NA	NA	NA
l_ctl_cmp_28_7	2	G1_23	656.951542	72.239486	NA	NA	NA
l_ctl_cmp_28_7	3	G1_23	678.171559	75.673628	NA	NA	NA
l_ctl_cmp_35_4	1	G1_27	997.041752	61.941707	NA	NA	NA
l_ctl_cmp_35_4	2	G1_27	949.666112	112.931525	NA	NA	NA
l_ctl_cmp_35_4	3	G1_27	1023.802612	101.592618	NA	NA	NA
l_ctl_cmp_35_1	1	G1_28	872.143084	70.094592	NA	NA	NA
l_ctl_cmp_35_1	2	G1_28	849.762953	98.984217	NA	NA	NA
l_ctl_cmp_35_1	3	G1_28	1172.371527	81.570929	NA	NA	NA
l_ctl_cmp_35_5	1	G1_29	880.012192	58.000342	NA	NA	NA
l_ctl_cmp_35_5	2	G1_29	976.119774	109.864882	NA	NA	NA
l_ctl_cmp_35_5	3	G1_29	1018.276809	71.308339	NA	NA	NA
l_ctl_cmp_35_6	1	G1_30	1046.524304	83.634552	NA	NA	NA
l_ctl_cmp_35_6	2	G1_30	1010.994428	83.380733	NA	NA	NA
l_ctl_cmp_35_6	3	G1_30	1158.170041	102.649627	NA	NA	NA
l_ctl_cmp_35_2	1	G1_31	1025.776587	71.886345	NA	NA	NA
l_ctl_cmp_35_2	2	G1_31	946.77692	101.396582	NA	NA	NA
l_ctl_cmp_35_2	3	G1_31	867.545809	79.655897	NA	NA	NA
l_ctl_cmp_35_3	1	G1_32	961.438354	59.25623	NA	NA	NA
l_ctl_cmp_35_3	2	G1_32	934.165453	49.83942	NA	NA	NA
l_ctl_cmp_35_3	3	G1_32	794.051659	88.865397	NA	NA	NA
l_ctl_cmp_35_7	1	G1_33	782.136873	86.838844	NA	NA	NA
l_ctl_cmp_35_7	2	G1_33	733.992501	89.323624	NA	NA	NA
l_ctl_cmp_35_7	3	G1_33	832.010178	103.582899	NA	NA	NA
l_ctl_cmp_22_4	1	G1_7	791.874745	81.184141	NA	NA	NA
l_ctl_cmp_22_4	2	G1_7	888.704985	95.725956	NA	NA	NA
l_ctl_cmp_22_4	3	G1_7	924.957788	117.218915	NA	NA	NA
l_ctl_cmp_22_5	1	G1_8	568.921925	68.399531	NA	NA	NA
l_ctl_cmp_22_5	2	G1_8	685.474335	52.03607	NA	NA	NA
l_ctl_cmp_22_5	3	G1_8	687.500652	78.871666	NA	NA	NA
l_ctl_cmp_22_1	1	G1_9	340.23622	94.846534	NA	NA	NA
l_ctl_cmp_22_1	2	G1_9	776.535971	98.965665	NA	NA	NA
l_ctl_cmp_22_1	3	G1_9	726.143259	75.008036	NA	NA	NA
e_ctl_cmp_08_1	1	G22_1	361.598043	85.405519	NA	NA	NA
e_ctl_cmp_08_1	2	G22_1	440.494212	81.538841	NA	NA	NA
e_ctl_cmp_08_1	3	G22_1	472.965267	71.936298	NA	NA	NA
e_ctl_cmp_08_1	4	G22_1	471	85.2	NA	NA	NA
e_ctl_cmp_08_1	5	G22_1	465	90	NA	NA	NA
e_ctl_cmp_08_1	6	G22_1	522	72.9	NA	NA	NA
e_ctl_cmp_08_1	7	G22_1	431	83.1	NA	NA	NA
e_ctl_cmp_08_1	8	G22_1	464	72.7	NA	NA	NA
e_ctl_cmp_08_1	9	G22_1	398	63.4	NA	NA	NA
e_ctl_cmp_08_1	10	G22_1	374	77.9	NA	NA	NA
e_ctl_cmp_15_1	1	G22_1	527.119054	142.913524	NA	NA	NA
e_ctl_cmp_15_1	2	G22_1	557.805449	115.109537	NA	NA	NA
e_ctl_cmp_15_1	3	G22_1	536.771921	141.969849	NA	NA	NA
e_ctl_cmp_15_1	4	G22_1	677	87.6	NA	NA	NA
e_ctl_cmp_15_1	5	G22_1	547	78.6	NA	NA	NA
e_ctl_cmp_15_1	6	G22_1	605	78.8	NA	NA	NA
e_ctl_cmp_15_1	7	G22_1	647	97	NA	NA	NA
e_ctl_cmp_15_1	8	G22_1	763	94	NA	NA	NA
e_ctl_cmp_15_1	9	G22_1	594	88.7	NA	NA	NA
e_ctl_cmp_15_1	10	G22_1	624	68.6	NA	NA	NA
e_ctl_cmp_22_1	1	G22_1	610.093048	99.044424	NA	NA	NA
e_ctl_cmp_22_1	2	G22_1	514.273499	110.862785	NA	NA	NA
e_ctl_cmp_22_1	3	G22_1	387.320481	95.47902	NA	NA	NA
e_ctl_cmp_22_1	4	G22_1	735.385949	102.380571	NA	NA	NA
e_ctl_cmp_22_1	5	G22_1	508.104043	89.971699	NA	NA	NA
e_ctl_cmp_22_1	6	G22_1	570.730644	120.215771	NA	NA	NA
e_ctl_cmp_22_1	7	G22_1	720.959508	135.462968	NA	NA	NA
e_ctl_cmp_22_1	8	G22_1	620.297817	123.605043	NA	NA	NA
e_ctl_cmp_22_1	9	G22_1	575.317436	122.112251	NA	NA	NA
e_ctl_cmp_22_1	10	G22_1	619.236885	127.083917	NA	NA	NA
e_ctl_cmp_28_1	1	G22_1	588.783296	102.042468	NA	NA	NA
e_ctl_cmp_28_1	2	G22_1	817.831267	75.284452	NA	NA	NA
e_ctl_cmp_28_1	3	G22_1	770.483732	97.479346	NA	NA	NA
e_ctl_cmp_28_1	4	G22_1	796.009676	117.316	NA	NA	NA
e_ctl_cmp_28_1	5	G22_1	859.522252	118.728435	NA	NA	NA
e_ctl_cmp_28_1	6	G22_1	921.791089	111.225196	NA	NA	NA
e_ctl_cmp_28_1	7	G22_1	863.079948	109.114964	NA	NA	NA
e_ctl_cmp_28_1	8	G22_1	935.007713	98.164134	NA	NA	NA
e_ctl_cmp_28_1	9	G22_1	732.250169	100.261228	NA	NA	NA
e_ctl_cmp_28_1	10	G22_1	685.359375	114.499	NA	NA	NA
e_ctl_cmp_35_1	1	G22_1	1130.575352	117.88129	NA	NA	NA
e_ctl_cmp_35_1	2	G22_1	997.533091	121.275999	NA	NA	NA
e_ctl_cmp_35_1	3	G22_1	1141.009923	139.711334	NA	NA	NA
e_ctl_cmp_35_1	4	G22_1	1113.950724	147.193525	NA	NA	NA
e_ctl_cmp_35_1	5	G22_1	1053.285337	175.159871	NA	NA	NA
e_ctl_cmp_35_1	6	G22_1	1314.698998	159.76572	NA	NA	NA
e_ctl_cmp_35_1	7	G22_1	1278.960515	135.938355	NA	NA	NA
e_ctl_cmp_35_1	8	G22_1	1093.162066	126.211146	NA	NA	NA
e_ctl_cmp_35_1	9	G22_1	1160.431383	129.911552	NA	NA	NA
e_ctl_cmp_35_1	10	G22_1	1134.358714	149.946931	NA	NA	NA
e_ctl_cmp_08_2	1	G22_2	410.202696	77.349	NA	NA	NA
e_ctl_cmp_08_2	2	G22_2	393.349447	108.80853	NA	NA	NA
e_ctl_cmp_08_2	3	G22_2	409.567293	91.7	NA	NA	NA
e_ctl_cmp_08_2	4	G22_2	389	91.7	NA	NA	NA
e_ctl_cmp_08_2	5	G22_2	429	73.5	NA	NA	NA
e_ctl_cmp_08_2	6	G22_2	381	92.4	NA	NA	NA
e_ctl_cmp_08_2	7	G22_2	391	97.4	NA	NA	NA
e_ctl_cmp_08_2	8	G22_2	446	70	NA	NA	NA
e_ctl_cmp_08_2	9	G22_2	361	73.5	NA	NA	NA
e_ctl_cmp_08_2	10	G22_2	432	91.7	NA	NA	NA
e_ctl_cmp_15_2	1	G22_2	654.932069	117.20394	NA	NA	NA
e_ctl_cmp_15_2	2	G22_2	602.637762	78.779656	NA	NA	NA
e_ctl_cmp_15_2	3	G22_2	691.697009	122.4703	NA	NA	NA
e_ctl_cmp_15_2	4	G22_2	585	154	NA	NA	NA
e_ctl_cmp_15_2	5	G22_2	665	118	NA	NA	NA
e_ctl_cmp_15_2	6	G22_2	688	115	NA	NA	NA
e_ctl_cmp_15_2	7	G22_2	604	147	NA	NA	NA
e_ctl_cmp_15_2	8	G22_2	536	127	NA	NA	NA
e_ctl_cmp_15_2	9	G22_2	520	122	NA	NA	NA
e_ctl_cmp_15_2	10	G22_2	568	131	NA	NA	NA
e_ctl_cmp_22_2	1	G22_2	671.164092	123.430774	NA	NA	NA
e_ctl_cmp_22_2	2	G22_2	597.929799	120.789156	NA	NA	NA
e_ctl_cmp_22_2	3	G22_2	685.374037	116.025479	NA	NA	NA
e_ctl_cmp_22_2	4	G22_2	783.615587	89.08698	NA	NA	NA
e_ctl_cmp_22_2	5	G22_2	763.185119	96.902878	NA	NA	NA
e_ctl_cmp_22_2	6	G22_2	784.243543	139.239314	NA	NA	NA
e_ctl_cmp_22_2	7	G22_2	736.030692	109.185569	NA	NA	NA
e_ctl_cmp_22_2	8	G22_2	728.552694	118.326542	NA	NA	NA
e_ctl_cmp_22_2	9	G22_2	657.456165	100.633378	NA	NA	NA
e_ctl_cmp_22_2	10	G22_2	757.122228	132.129233	NA	NA	NA
e_ctl_cmp_28_2	1	G22_2	836.159167	120.778117	NA	NA	NA
e_ctl_cmp_28_2	2	G22_2	829.138541	99.545986	NA	NA	NA
e_ctl_cmp_28_2	3	G22_2	878.2316	135.123252	NA	NA	NA
e_ctl_cmp_28_2	4	G22_2	925.461894	130.575945	NA	NA	NA
e_ctl_cmp_28_2	5	G22_2	893.495176	151.774686	NA	NA	NA
e_ctl_cmp_28_2	6	G22_2	923.378105	111.488091	NA	NA	NA
e_ctl_cmp_28_2	7	G22_2	893.805506	116.309641	NA	NA	NA
e_ctl_cmp_28_2	8	G22_2	1030.078011	156.047844	NA	NA	NA
e_ctl_cmp_28_2	9	G22_2	876.058704	142.300997	NA	NA	NA
e_ctl_cmp_28_2	10	G22_2	953.303188	107.741304	NA	NA	NA
e_ctl_cmp_35_2	1	G22_2	1082.027204	159.77997	NA	NA	NA
e_ctl_cmp_35_2	2	G22_2	1121.067504	126.486029	NA	NA	NA
e_ctl_cmp_35_2	3	G22_2	1161.578616	127.651387	NA	NA	NA
e_ctl_cmp_35_2	4	G22_2	1042.70712	134.429711	NA	NA	NA
e_ctl_cmp_35_2	5	G22_2	1107.524118	113.732047	NA	NA	NA
e_ctl_cmp_35_2	6	G22_2	1043.926525	136.064952	NA	NA	NA
e_ctl_cmp_35_2	7	G22_2	1053.295596	119.423157	NA	NA	NA
e_ctl_cmp_35_2	8	G22_2	1164.753908	138.104711	NA	NA	NA
e_ctl_cmp_35_2	9	G22_2	1060.055255	97.266691	NA	NA	NA
e_ctl_cmp_35_2	10	G22_2	1114.293103	145.361377	NA	NA	NA
e_ctl_cmp_08_3	1	G22_3	423.225903	123.007691	NA	NA	NA
e_ctl_cmp_08_3	2	G22_3	507.834629	116.490235	NA	NA	NA
e_ctl_cmp_08_3	3	G22_3	559.773868	111.266321	NA	NA	NA
e_ctl_cmp_08_3	4	G22_3	489	111	NA	NA	NA
e_ctl_cmp_08_3	5	G22_3	455	79	NA	NA	NA
e_ctl_cmp_08_3	6	G22_3	486	117	NA	NA	NA
e_ctl_cmp_08_3	7	G22_3	539	104	NA	NA	NA
e_ctl_cmp_08_3	8	G22_3	537	84.1	NA	NA	NA
e_ctl_cmp_08_3	9	G22_3	529	128	NA	NA	NA
e_ctl_cmp_08_3	10	G22_3	517	119	NA	NA	NA
e_ctl_cmp_15_3	1	G22_3	652.768024	127.412291	NA	NA	NA
e_ctl_cmp_15_3	2	G22_3	708.123635	131.58626	NA	NA	NA
e_ctl_cmp_15_3	3	G22_3	727.468765	120.436857	NA	NA	NA
e_ctl_cmp_15_3	4	G22_3	576	103	NA	NA	NA
e_ctl_cmp_15_3	5	G22_3	554	90.2	NA	NA	NA
e_ctl_cmp_15_3	6	G22_3	609	111	NA	NA	NA
e_ctl_cmp_15_3	7	G22_3	568	136	NA	NA	NA
e_ctl_cmp_15_3	8	G22_3	598	107	NA	NA	NA
e_ctl_cmp_15_3	9	G22_3	677	100	NA	NA	NA
e_ctl_cmp_15_3	10	G22_3	650	120	NA	NA	NA
e_ctl_cmp_22_3	1	G22_3	825.768892	146.783486	NA	NA	NA
e_ctl_cmp_22_3	2	G22_3	745.174197	105.434122	NA	NA	NA
e_ctl_cmp_22_3	3	G22_3	586.100369	124.2484	NA	NA	NA
e_ctl_cmp_22_3	4	G22_3	752.259303	133.459824	NA	NA	NA
e_ctl_cmp_22_3	5	G22_3	766.197723	114.757341	NA	NA	NA
e_ctl_cmp_22_3	6	G22_3	772.899266	124.92895	NA	NA	NA
e_ctl_cmp_22_3	7	G22_3	650.173654	98.426821	NA	NA	NA
e_ctl_cmp_22_3	8	G22_3	762.115601	115.293377	NA	NA	NA
e_ctl_cmp_22_3	9	G22_3	672.156095	96.869233	NA	NA	NA
e_ctl_cmp_22_3	10	G22_3	703.265669	89.357127	NA	NA	NA
e_ctl_cmp_28_3	1	G22_3	718.031891	126.468065	NA	NA	NA
e_ctl_cmp_28_3	2	G22_3	767.70288	140.09586	NA	NA	NA
e_ctl_cmp_28_3	3	G22_3	833.04225	100.343848	NA	NA	NA
e_ctl_cmp_28_3	4	G22_3	899.574567	90.234456	NA	NA	NA
e_ctl_cmp_28_3	5	G22_3	946.509055	94.923403	NA	NA	NA
e_ctl_cmp_28_3	6	G22_3	892.23367	135.121298	NA	NA	NA
e_ctl_cmp_28_3	7	G22_3	866.705062	151.801403	NA	NA	NA
e_ctl_cmp_28_3	8	G22_3	918.520426	123.395322	NA	NA	NA
e_ctl_cmp_28_3	9	G22_3	838.158828	131.863638	NA	NA	NA
e_ctl_cmp_28_3	10	G22_3	712.223351	137.741652	NA	NA	NA
e_ctl_cmp_35_3	1	G22_3	972.930967	117.183284	NA	NA	NA
e_ctl_cmp_35_3	2	G22_3	979.003187	110.515487	NA	NA	NA
e_ctl_cmp_35_3	3	G22_3	958.847201	115.835378	NA	NA	NA
e_ctl_cmp_35_3	4	G22_3	967	107.572087	NA	NA	NA
e_ctl_cmp_35_3	5	G22_3	973.398154	123.349258	NA	NA	NA
e_ctl_cmp_35_3	6	G22_3	933.596295	96.642736	NA	NA	NA
e_ctl_cmp_35_3	7	G22_3	808.829837	94.009335	NA	NA	NA
e_ctl_cmp_35_3	8	G22_3	912.471197	132.955177	NA	NA	NA
e_ctl_cmp_35_3	9	G22_3	948.118796	107.595863	NA	NA	NA
e_ctl_cmp_35_3	10	G22_3	1094.006658	128.55936	NA	NA	NA
e_ctl_cmp_08_4	1	G22_4	509.873188	80.555929	NA	NA	NA
e_ctl_cmp_08_4	2	G22_4	422.210291	89.216371	NA	NA	NA
e_ctl_cmp_08_4	3	G22_4	493.430423	95.554956	NA	NA	NA
e_ctl_cmp_08_4	4	G22_4	521	90.1	NA	NA	NA
e_ctl_cmp_08_4	5	G22_4	517	108	NA	NA	NA
e_ctl_cmp_08_4	6	G22_4	568	89.5	NA	NA	NA
e_ctl_cmp_08_4	7	G22_4	540	115	NA	NA	NA
e_ctl_cmp_08_4	8	G22_4	507	75.4	NA	NA	NA
e_ctl_cmp_08_4	9	G22_4	486	107	NA	NA	NA
e_ctl_cmp_08_4	10	G22_4	486	93.4	NA	NA	NA
e_ctl_cmp_15_4	1	G22_4	584.695672	109.161344	NA	NA	NA
e_ctl_cmp_15_4	2	G22_4	568.7482	124.200569	NA	NA	NA
e_ctl_cmp_15_4	3	G22_4	613.993571	128.732311	NA	NA	NA
e_ctl_cmp_15_4	4	G22_4	794	106	NA	NA	NA
e_ctl_cmp_15_4	5	G22_4	745	96.1	NA	NA	NA
e_ctl_cmp_15_4	6	G22_4	716	95.2	NA	NA	NA
e_ctl_cmp_15_4	7	G22_4	613	98.4	NA	NA	NA
e_ctl_cmp_15_4	8	G22_4	664	129	NA	NA	NA
e_ctl_cmp_15_4	9	G22_4	624	124	NA	NA	NA
e_ctl_cmp_15_4	10	G22_4	755	110	NA	NA	NA
e_ctl_cmp_22_4	1	G22_4	618.076159	82.801117	NA	NA	NA
e_ctl_cmp_22_4	2	G22_4	533.960742	97.162891	NA	NA	NA
e_ctl_cmp_22_4	3	G22_4	488.007628	86.809608	NA	NA	NA
e_ctl_cmp_22_4	4	G22_4	524.596704	79.649496	NA	NA	NA
e_ctl_cmp_22_4	5	G22_4	661.885628	95.009336	NA	NA	NA
e_ctl_cmp_22_4	6	G22_4	521.058058	99.287926	NA	NA	NA
e_ctl_cmp_22_4	7	G22_4	531.605718	117.590062	NA	NA	NA
e_ctl_cmp_22_4	8	G22_4	677.821691	111.950257	NA	NA	NA
e_ctl_cmp_22_4	9	G22_4	683.856607	87.892485	NA	NA	NA
e_ctl_cmp_22_4	10	G22_4	553.315103	85.832802	NA	NA	NA
e_ctl_cmp_28_4	1	G22_4	917.406351	160.661868	NA	NA	NA
e_ctl_cmp_28_4	2	G22_4	819.170893	131.369812	NA	NA	NA
e_ctl_cmp_28_4	3	G22_4	784.857049	114.890071	NA	NA	NA
e_ctl_cmp_28_4	4	G22_4	929.127354	94.493657	NA	NA	NA
e_ctl_cmp_28_4	5	G22_4	925.475979	96.330183	NA	NA	NA
e_ctl_cmp_28_4	6	G22_4	899.606727	112.765376	NA	NA	NA
e_ctl_cmp_28_4	7	G22_4	894.525871	114.344887	NA	NA	NA
e_ctl_cmp_28_4	8	G22_4	915.108258	96.98539	NA	NA	NA
e_ctl_cmp_28_4	9	G22_4	936.33081	110.235927	NA	NA	NA
e_ctl_cmp_28_4	10	G22_4	734.504515	117.839583	NA	NA	NA
e_ctl_cmp_35_4	1	G22_4	NA	NA	NA	NA	NA
e_ctl_cmp_08_5	1	G22_5	NA	NA	NA	NA	NA
e_ctl_cmp_15_5	1	G22_5	NA	NA	NA	NA	NA
e_ctl_cmp_22_5	1	G22_5	NA	NA	NA	NA	NA
e_ctl_cmp_28_5	1	G22_5	NA	NA	NA	NA	NA
e_ctl_cmp_35_5	1	G22_5	NA	NA	NA	NA	NA
e_ctl_cmp_08_6	1	G22_6	NA	NA	NA	NA	NA
e_ctl_cmp_15_6	1	G22_6	NA	NA	NA	NA	NA
e_ctl_cmp_22_6	1	G22_6	NA	NA	NA	NA	NA
e_ctl_cmp_28_6	1	G22_6	NA	NA	NA	NA	NA
e_ctl_cmp_35_6	1	G22_6	NA	NA	NA	NA	NA
e_ctl_cmp_08_7	1	G22_7	NA	NA	NA	NA	NA
e_ctl_cmp_15_7	1	G22_7	NA	NA	NA	NA	NA
e_ctl_cmp_22_7	1	G22_7	NA	NA	NA	NA	NA
e_ctl_cmp_28_7	1	G22_7	NA	NA	NA	NA	NA
e_ctl_cmp_35_7	1	G22_7	NA	NA	NA	NA	NA
e_gos_cmp_08_1	1	G24_1	224.290197	48.554667	129.326898	1	0
e_gos_cmp_08_1	2	G24_1	105.914222	21.648024	71.856069	2	1
e_gos_cmp_08_1	3	G24_1	145.621205	68.312828	70.37526	2	0
e_gos_cmp_08_1	4	G24_1	303.874127	55.461105	74.883097	2	0
e_gos_cmp_08_1	5	G24_1	218.438924	47.977338	95.404866	4	0
e_gos_cmp_08_1	6	G24_1	282.875145	116.072854	126.338988	3	1
e_gos_cmp_08_1	7	G24_1	462.461291	45.088653	100.29297	2	0
e_gos_cmp_08_1	8	G24_1	303.000497	37.433622	153.013345	2	0
e_gos_cmp_08_1	9	G24_1	232.855743	80.739393	190.345484	2	0
e_gos_cmp_08_1	10	G24_1	323.266014	38.433614	153.575626	2	0
e_gos_cmp_15_1	1	G24_1	284.598552	76.97231	91.949283	3	0
e_gos_cmp_15_1	2	G24_1	342.286299	108.339021	118.647685	5	1
e_gos_cmp_15_1	3	G24_1	309.471917	108.415559	135.192858	5	0
e_gos_cmp_15_1	4	G24_1	290.553106	103.709135	183.296312	5	0
e_gos_cmp_15_1	5	G24_1	331.792405	144.445197	199.771975	2	0
e_gos_cmp_15_1	6	G24_1	474.418139	115.145068	251.220922	6	1
e_gos_cmp_15_1	7	G24_1	255.875127	107.843286	124.512886	3	0
e_gos_cmp_15_1	8	G24_1	378.571041	72.506195	90.276936	8	0
e_gos_cmp_15_1	9	G24_1	437.514677	72.755425	185.163971	12	0
e_gos_cmp_15_1	10	G24_1	420.421942	136.273422	209.46799	9	0
e_gos_cmp_22_1	1	G24_1	923.663677	89.110713	131.889507	13	2
e_gos_cmp_22_1	2	G24_1	762.364238	83.173213	131.875709	14	1
e_gos_cmp_22_1	3	G24_1	637.036187	102.266428	150.843775	15	1
e_gos_cmp_22_1	4	G24_1	442.061468	138.916222	134.641903	10	0
e_gos_cmp_22_1	5	G24_1	349.577899	73.541269	100.266612	7	0
e_gos_cmp_22_1	6	G24_1	913.070186	74.791598	131.627721	16	0
e_gos_cmp_22_1	7	G24_1	884.436695	100.140438	117.501339	12	0
e_gos_cmp_22_1	8	G24_1	920.941908	199.002925	153.054562	13	0
e_gos_cmp_22_1	9	G24_1	612.234551	65.398753	140.875394	6	0
e_gos_cmp_22_1	10	G24_1	399.431859	49.359888	100.465303	4	0
e_gos_cmp_28_1	1	G24_1	959.72137	34.945213	176.19478	21	3
e_gos_cmp_28_1	2	G24_1	880.816759	180.705067	175.726307	21	3
e_gos_cmp_28_1	3	G24_1	968.414715	166.302566	130.34984	9	2
e_gos_cmp_28_1	4	G24_1	646.590921	155.106109	117.487503	14	0
e_gos_cmp_28_1	5	G24_1	935.319101	181.050257	198.80024	18	1
e_gos_cmp_28_1	6	G24_1	933.370587	139.032045	166.473996	36	1
e_gos_cmp_28_1	7	G24_1	745.580906	174.440161	127.30931	23	2
e_gos_cmp_28_1	8	G24_1	1082.801852	155.815116	140.174333	39	4
e_gos_cmp_28_1	9	G24_1	996.961544	142.81007	96.377123	27	4
e_gos_cmp_28_1	10	G24_1	1076.091579	156.262886	102.864036	19	3
e_gos_cmp_35_1	1	G24_1	416.855292	82.131057	76.320026	12	1
e_gos_cmp_35_1	2	G24_1	697.36028	94.232197	101.867466	9	2
e_gos_cmp_35_1	3	G24_1	692.889612	56.437893	127.032351	23	1
e_gos_cmp_35_1	4	G24_1	500.325533	47.197879	137.592641	9	1
e_gos_cmp_35_1	5	G24_1	443.594721	66.239165	126.618212	7	2
e_gos_cmp_35_1	6	G24_1	454.077094	58.244309	164.284451	13	2
e_gos_cmp_35_1	7	G24_1	469.063177	35.850306	71.155375	10	0
e_gos_cmp_35_1	8	G24_1	772.589417	145.295149	198.846702	24	1
e_gos_cmp_35_1	9	G24_1	751.313995	180.514011	112.407107	19	2
e_gos_cmp_35_1	10	G24_1	744.284372	54.877512	112.172961	13	2
e_gos_cmp_08_2	1	G24_2	193.646609	34.583514	147.595529	1	0
e_gos_cmp_08_2	2	G24_2	301.251956	53.353358	127.022757	3	0
e_gos_cmp_08_2	3	G24_2	406.727765	86.833448	178.63255	8	4
e_gos_cmp_08_2	4	G24_2	469.925511	50.224953	179.032371	3	0
e_gos_cmp_08_2	5	G24_2	432.91642	94.113328	146.429293	1	0
e_gos_cmp_08_2	6	G24_2	217.375767	37.041984	83.084317	1	0
e_gos_cmp_08_2	7	G24_2	346.223722	51.021305	76.169273	1	0
e_gos_cmp_08_2	8	G24_2	270.617946	31.341085	70.669153	2	0
e_gos_cmp_08_2	9	G24_2	370.289865	42.014693	145.822964	1	0
e_gos_cmp_08_2	10	G24_2	235.955992	49.431333	93.447359	2	0
e_gos_cmp_15_2	1	G24_2	739.427068	170.685047	123.141842	3	1
e_gos_cmp_15_2	2	G24_2	785.899434	81.370834	222.728391	6	0
e_gos_cmp_15_2	3	G24_2	679.544376	151.425204	97.286928	5	0
e_gos_cmp_15_2	4	G24_2	534.884966	68.111391	130.444724	9	0
e_gos_cmp_15_2	5	G24_2	678.972113	159.354318	88.654125	6	0
e_gos_cmp_15_2	6	G24_2	678.880229	95.597527	159.440831	15	0
e_gos_cmp_15_2	7	G24_2	736.294764	109.362838	153.991358	10	0
e_gos_cmp_15_2	8	G24_2	655.769922	150.043742	131.532533	9	1
e_gos_cmp_15_2	9	G24_2	509.878716	36.041333	160.385393	7	0
e_gos_cmp_15_2	10	G24_2	643.865575	107.39744	148.996872	8	2
e_gos_cmp_22_2	1	G24_2	811.640133	92.032787	80.12763	14	1
e_gos_cmp_22_2	2	G24_2	834.110925	127.410264	94.988688	9	0
e_gos_cmp_22_2	3	G24_2	894.604783	55.540971	90.784143	11	0
e_gos_cmp_22_2	4	G24_2	940.54348	127.950491	118.578078	11	1
e_gos_cmp_22_2	5	G24_2	843.442178	91.340332	82.94176	12	0
e_gos_cmp_22_2	6	G24_2	693.373237	61.214556	81.581662	7	0
e_gos_cmp_22_2	7	G24_2	867.484218	58.468624	104.068474	7	0
e_gos_cmp_22_2	8	G24_2	926.421788	151.779357	102.223	7	1
e_gos_cmp_22_2	9	G24_2	948.873915	238.997916	94.805234	12	0
e_gos_cmp_22_2	10	G24_2	847.276749	95.83239	97.525939	10	0
e_gos_cmp_28_2	1	G24_2	836.134146	182.732491	201.189423	13	2
e_gos_cmp_28_2	2	G24_2	690.034094	183.154142	145.825693	12	1
e_gos_cmp_28_2	3	G24_2	883.044569	114.147696	149.043378	8	0
e_gos_cmp_28_2	4	G24_2	768.053426	179.934363	402.771851	11	1
e_gos_cmp_28_2	5	G24_2	658.807763	91.427624	120.809472	10	0
e_gos_cmp_28_2	6	G24_2	783.099093	20.802877	125.071856	5	0
e_gos_cmp_28_2	7	G24_2	823.05627	130.245552	118.046884	23	1
e_gos_cmp_28_2	8	G24_2	700.231517	212.729122	130.781466	15	0
e_gos_cmp_28_2	9	G24_2	568.466163	216.278366	180.633531	14	2
e_gos_cmp_28_2	10	G24_2	792.470748	108.612688	130.941298	12	2
e_gos_cmp_35_2	1	G24_2	634.116371	102.080227	123.105012	6	0
e_gos_cmp_35_2	2	G24_2	714.549124	97.095595	113.301153	14	0
e_gos_cmp_35_2	3	G24_2	947.414828	120.181841	167.313519	18	3
e_gos_cmp_35_2	4	G24_2	794.677562	211.159623	111.606173	17	2
e_gos_cmp_35_2	5	G24_2	437.400338	198.077215	114.959779	7	2
e_gos_cmp_35_2	6	G24_2	325.36533	105.709463	136.368308	9	0
e_gos_cmp_35_2	7	G24_2	174.40566	31.508424	99.202575	5	0
e_gos_cmp_35_2	8	G24_2	285.14201	112.647075	114.715754	5	0
e_gos_cmp_35_2	9	G24_2	419.122436	39.960308	73.174698	5	0
e_gos_cmp_35_2	10	G24_2	552.186608	47.698076	244.645451	23	2
e_gos_cmp_08_3	1	G24_3	405.729748	113.13597	134.052881	2	0
e_gos_cmp_08_3	2	G24_3	335.438927	123.488463	186.257655	3	0
e_gos_cmp_08_3	3	G24_3	497.686679	127.477049	179.709223	4	0
e_gos_cmp_08_3	4	G24_3	490.871864	113.820843	289.959029	7	0
e_gos_cmp_08_3	5	G24_3	450.579406	117.502048	191.300239	2	0
e_gos_cmp_08_3	6	G24_3	355.556583	110.548373	154.429896	2	0
e_gos_cmp_08_3	7	G24_3	229.338023	72.481752	125.76344	2	0
e_gos_cmp_08_3	8	G24_3	272.514654	76.400532	160.924178	2	0
e_gos_cmp_08_3	9	G24_3	478.644497	70.680547	118.265971	3	0
e_gos_cmp_08_3	10	G24_3	487.995502	115.386179	283.089689	3	0
e_gos_cmp_15_3	1	G24_3	555.689274	43.583631	213.840719	14	1
e_gos_cmp_15_3	2	G24_3	309.614414	197.18016	194.187788	8	0
e_gos_cmp_15_3	3	G24_3	494.04096	229.60703	458.979688	30	4
e_gos_cmp_15_3	4	G24_3	616.207122	210.796241	184.788441	40	3
e_gos_cmp_15_3	5	G24_3	539.528972	129.239833	144.711552	26	0
e_gos_cmp_15_3	6	G24_3	605.281983	150.428415	305.517711	20	1
e_gos_cmp_15_3	7	G24_3	748.276606	104.587711	164.340394	14	2
e_gos_cmp_15_3	8	G24_3	695.859454	168.30519	131.084129	11	1
e_gos_cmp_15_3	9	G24_3	648.136191	157.530201	229.814938	26	1
e_gos_cmp_15_3	10	G24_3	637.717509	144.738498	166.100601	17	0
e_gos_cmp_22_3	1	G24_3	741.794479	92.380348	93.657511	6	0
e_gos_cmp_22_3	2	G24_3	583.38101	91.380191	140.488495	11	0
e_gos_cmp_22_3	3	G24_3	777.800692	79.431871	144.024225	13	0
e_gos_cmp_22_3	4	G24_3	904.575952	122.712864	95.519264	9	0
e_gos_cmp_22_3	5	G24_3	491.352515	162.375727	115.360346	12	0
e_gos_cmp_22_3	6	G24_3	791.424723	152.175138	NA	13	0
e_gos_cmp_22_3	7	G24_3	993.886724	198.707462	128.741594	12	0
e_gos_cmp_22_3	8	G24_3	672.914625	90.136065	139.36306	11	0
e_gos_cmp_22_3	9	G24_3	808.619151	52.401676	90.6853	9	0
e_gos_cmp_22_3	10	G24_3	803.683717	177.419499	112.345239	13	0
e_gos_cmp_28_3	1	G24_3	770.567652	156.767947	218.991548	17	0
e_gos_cmp_28_3	2	G24_3	921.470524	152.243641	125.477055	38	2
e_gos_cmp_28_3	3	G24_3	819.352064	199.915844	147.501132	37	2
e_gos_cmp_28_3	4	G24_3	628.314804	163.167629	228.10876	12	1
e_gos_cmp_28_3	5	G24_3	603.346919	70.479113	217.711781	27	3
e_gos_cmp_28_3	6	G24_3	787.304955	95.151443	175.827256	22	1
e_gos_cmp_28_3	7	G24_3	635.868622	126.950243	346.183124	36	3
e_gos_cmp_28_3	8	G24_3	325.784082	43.579213	152.601237	3	1
e_gos_cmp_28_3	9	G24_3	772.343567	123.813536	241.987779	32	3
e_gos_cmp_28_3	10	G24_3	831.938516	59.585695	151.052883	33	2
e_gos_cmp_35_3	1	G24_3	404.188388	111.606857	158.391431	7	0
e_gos_cmp_35_3	2	G24_3	484.229603	81.03802	127.573833	4	0
e_gos_cmp_35_3	3	G24_3	767.828981	57.85993	110.837973	12	1
e_gos_cmp_35_3	4	G24_3	746.306959	55.995971	116.4622	8	0
e_gos_cmp_35_3	5	G24_3	373.374503	83.589229	130.31845	11	1
e_gos_cmp_35_3	6	G24_3	634.211206	76.031562	100.271957	6	0
e_gos_cmp_35_3	7	G24_3	625.947426	100.177802	116.792994	12	1
e_gos_cmp_35_3	8	G24_3	735.274523	122.536887	130.5992	11	0
e_gos_cmp_35_3	9	G24_3	830.488695	82.848107	117.564096	10	1
e_gos_cmp_35_3	10	G24_3	688.611723	53.420903	93.764088	11	1
e_gos_cmp_08_4	1	G24_4	317.793688	28.577804	143.037897	2	0
e_gos_cmp_08_4	2	G24_4	409.924207	81.642586	175.349531	3	0
e_gos_cmp_08_4	3	G24_4	424.913715	54.819699	231.403141	4	0
e_gos_cmp_08_4	4	G24_4	382.874332	40.879451	375.247666	4	0
e_gos_cmp_08_4	5	G24_4	282.340507	92.634284	146.947726	3	0
e_gos_cmp_08_4	6	G24_4	359.321024	84.862435	202.406955	3	0
e_gos_cmp_08_4	7	G24_4	324.355997	45.857561	102.951236	2	0
e_gos_cmp_08_4	8	G24_4	383.117288	74.956759	80.369987	4	0
e_gos_cmp_08_4	9	G24_4	215.733208	39.123822	78.088784	2	0
e_gos_cmp_08_4	10	G24_4	379.901606	77.881994	77.943973	3	0
e_gos_cmp_15_4	1	G24_4	648.412104	107.957208	NA	27	0
e_gos_cmp_15_4	2	G24_4	347.322522	113.069036	120.644484	11	0
e_gos_cmp_15_4	3	G24_4	190.356847	96.790984	76.363818	4	0
e_gos_cmp_15_4	4	G24_4	351.470406	78.017206	107.74567	7	0
e_gos_cmp_15_4	5	G24_4	392.942042	89.744592	141.666811	16	0
e_gos_cmp_15_4	6	G24_4	343.846011	49.843214	72.177132	8	0
e_gos_cmp_15_4	7	G24_4	399.873053	72.158501	165.657766	11	1
e_gos_cmp_15_4	8	G24_4	473.260785	58.998378	103.323884	6	0
e_gos_cmp_15_4	9	G24_4	494.412663	58.989189	99.273718	11	0
e_gos_cmp_15_4	10	G24_4	573.835778	55.899655	116.534225	8	1
e_gos_cmp_22_4	1	G24_4	678.623937	75.964717	97.082721	5	0
e_gos_cmp_22_4	2	G24_4	598.820474	173.755075	104.727468	7	0
e_gos_cmp_22_4	3	G24_4	386.512769	195.825199	104.472238	5	0
e_gos_cmp_22_4	4	G24_4	328.896174	114.531004	83.360734	3	0
e_gos_cmp_22_4	5	G24_4	433.916835	77.31842	97.774532	5	0
e_gos_cmp_22_4	6	G24_4	633.685845	183.273597	105.082301	6	0
e_gos_cmp_22_4	7	G24_4	385.910335	85.151481	80.475099	6	0
e_gos_cmp_22_4	8	G24_4	819.145828	184.60551	85.229409	10	0
e_gos_cmp_22_4	9	G24_4	838.377408	236.381475	102.023231	17	0
e_gos_cmp_22_4	10	G24_4	743.709727	55.495267	125.203376	13	0
e_gos_cmp_28_4	1	G24_4	658.487917	52.219516	136.726868	21	1
e_gos_cmp_28_4	2	G24_4	845.393557	179.911023	99.36876	23	1
e_gos_cmp_28_4	3	G24_4	844.845986	113.072557	110.433151	17	1
e_gos_cmp_28_4	4	G24_4	756.889032	191.307093	119.408776	24	0
e_gos_cmp_28_4	5	G24_4	793.638736	135.526376	104.325699	10	0
e_gos_cmp_28_4	6	G24_4	757.816762	140.189211	99.872582	21	1
e_gos_cmp_28_4	7	G24_4	819.964142	185.000773	125.794246	21	1
e_gos_cmp_28_4	8	G24_4	556.096884	135.782455	124.77728	22	1
e_gos_cmp_28_4	9	G24_4	827.786607	186.642742	80.863798	26	1
e_gos_cmp_28_4	10	G24_4	567.225453	133.051594	99.009818	15	0
e_gos_cmp_35_8	1	G24_4	NA	NA	NA	NA	NA
e_gos_cmp_35_4	1	G24_4	NA	NA	NA	NA	NA
e_gos_cmp_08_5	1	G24_5	NA	NA	NA	NA	NA
e_gos_cmp_15_5	1	G24_5	NA	NA	NA	NA	NA
e_gos_cmp_22_5	1	G24_5	NA	NA	NA	NA	NA
e_gos_cmp_28_5	1	G24_5	NA	NA	NA	NA	NA
e_gos_cmp_35_5	1	G24_5	NA	NA	NA	NA	NA
e_gos_cmp_08_6	1	G24_6	NA	NA	NA	NA	NA
e_gos_cmp_15_6	1	G24_6	NA	NA	NA	NA	NA
e_gos_cmp_28_6	1	G24_6	NA	NA	NA	NA	NA
e_gos_cmp_35_6	1	G24_6	NA	NA	NA	NA	NA
e_gos_cmp_08_7	1	G24_7	NA	NA	NA	NA	NA
e_gos_cmp_15_7	1	G24_7	NA	NA	NA	NA	NA
e_gos_cmp_22_7	1	G24_7	NA	NA	NA	NA	NA
e_gos_cmp_28_7	1	G24_7	NA	NA	NA	NA	NA
e_gos_cmp_35_7	1	G24_7	NA	NA	NA	NA	NA
e_gos_cmp_22_6	1	G26_6	NA	NA	NA	NA	NA
l_gos_cmp_22_5	1	G4_10	721.791559	75.270239	NA	NA	NA
l_gos_cmp_22_5	2	G4_10	895.642497	90.317921	NA	NA	NA
l_gos_cmp_22_5	3	G4_10	720.122471	78.345408	NA	NA	NA
l_gos_cmp_22_6	1	G4_11	569.726325	58.212452	NA	NA	NA
l_gos_cmp_22_6	2	G4_11	604.61823	51.787642	NA	NA	NA
l_gos_cmp_22_6	3	G4_11	616.699178	77.523878	NA	NA	NA
l_gos_cmp_22_2	1	G4_12	561.886662	54.133439	NA	NA	NA
l_gos_cmp_22_2	2	G4_12	655.166748	50.81728	NA	NA	NA
l_gos_cmp_22_2	3	G4_12	586.666481	51.764993	NA	NA	NA
l_gos_cmp_22_7	1	G4_13	697.500639	61.896834	NA	NA	NA
l_gos_cmp_22_7	2	G4_13	734.541106	47.055939	NA	NA	NA
l_gos_cmp_22_7	3	G4_13	761.443509	71.185671	NA	NA	NA
l_gos_cmp_28_4	1	G4_17	832.066958	94.302515	NA	NA	NA
l_gos_cmp_28_4	2	G4_17	685.620075	79.155365	NA	NA	NA
l_gos_cmp_28_4	3	G4_17	716.832915	81.641432	NA	NA	NA
l_gos_cmp_28_1	1	G4_18	577.426261	66.182713	NA	NA	NA
l_gos_cmp_28_1	2	G4_18	444.227903	67.378897	NA	NA	NA
l_gos_cmp_28_1	3	G4_18	486.822239	70.002086	NA	NA	NA
l_gos_cmp_28_5	1	G4_19	726.924136	75.95979	NA	NA	NA
l_gos_cmp_28_5	2	G4_19	752.057747	81.455847	NA	NA	NA
l_gos_cmp_28_5	3	G4_19	718.766389	64.443463	NA	NA	NA
l_gos_cmp_28_2	1	G4_20	1237.443963	127.15644	NA	NA	NA
l_gos_cmp_28_2	2	G4_20	1075.378522	129.046222	NA	NA	NA
l_gos_cmp_28_2	3	G4_20	1335.797784	164.620428	NA	NA	NA
l_gos_cmp_28_3	1	G4_21	1282.766756	173.732733	NA	NA	NA
l_gos_cmp_28_3	2	G4_21	1088.503177	162.507027	NA	NA	NA
l_gos_cmp_28_3	3	G4_21	1179.677645	185.414332	NA	NA	NA
l_gos_cmp_28_6	1	G4_22	1031.88948	78.570434	NA	NA	NA
l_gos_cmp_28_6	2	G4_22	882.046911	57.670041	NA	NA	NA
l_gos_cmp_28_6	3	G4_22	727.735891	58.012987	NA	NA	NA
l_gos_cmp_28_7	1	G4_23	924.796245	148.693096	NA	NA	NA
l_gos_cmp_28_7	2	G4_23	1093.394832	126.156414	NA	NA	NA
l_gos_cmp_28_7	3	G4_23	1323.371785	73.203839	NA	NA	NA
l_gos_cmp_35_4	1	G4_27	1348.030229	149.3873317	NA	NA	NA
l_gos_cmp_35_4	2	G4_27	1254.842532	222.4011371	NA	NA	NA
l_gos_cmp_35_4	3	G4_27	1219.850643	158.4677954	NA	NA	NA
l_gos_cmp_35_1	1	G4_28	1542.539859	189.3445552	NA	NA	NA
l_gos_cmp_35_1	2	G4_28	1674.324555	172.0275371	NA	NA	NA
l_gos_cmp_35_1	3	G4_28	1673.836574	157.7805996	NA	NA	NA
l_gos_cmp_35_2	1	G4_29	1312.349395	200.2120077	NA	NA	NA
l_gos_cmp_35_2	2	G4_29	1263.469821	192.9891938	NA	NA	NA
l_gos_cmp_35_2	3	G4_29	1049.805987	235.543734	NA	NA	NA
l_gos_cmp_35_5	1	G4_30	1045.971715	92.076613	NA	NA	NA
l_gos_cmp_35_5	2	G4_30	945.425197	79.511993	NA	NA	NA
l_gos_cmp_35_5	3	G4_30	878.769976	78.687869	NA	NA	NA
l_gos_cmp_35_6	1	G4_31	994.724917	98.494698	NA	NA	NA
l_gos_cmp_35_6	2	G4_31	989.406828	95.823553	NA	NA	NA
l_gos_cmp_35_6	3	G4_31	900.975323	93.24058	NA	NA	NA
l_gos_cmp_35_7	1	G4_32	1170.535781	76.470485	NA	NA	NA
l_gos_cmp_35_7	2	G4_32	988.908338	101.086804	NA	NA	NA
l_gos_cmp_35_7	3	G4_32	836.245257	88.663117	NA	NA	NA
l_gos_cmp_22_4	1	G4_7	961.269189	67.212947	NA	NA	NA
l_gos_cmp_22_4	2	G4_7	805.751681	87.021961	NA	NA	NA
l_gos_cmp_22_4	3	G4_7	905.508028	63.213174	NA	NA	NA
l_gos_cmp_22_1	1	G4_8	717.556288	45.015296	NA	NA	NA
l_gos_cmp_22_1	2	G4_8	629.650684	68.651082	NA	NA	NA
l_gos_cmp_22_1	3	G4_8	641.392876	74.035112	NA	NA	NA
l_gos_cmp_22_3	1	G4_9	904.256048	78.686107	NA	NA	NA
l_gos_cmp_22_3	2	G4_9	916.557063	80.958951	NA	NA	NA
l_gos_cmp_22_3	3	G4_9	721.512773	94.579069	NA	NA	NA
